86.3658,54.75397
56.781044,78.35044
67.898834,74.52121
87.00371,102.0597
104.158356,65.5637
56.184177,73.85521
78.60469,88.64063
65.82591,58.989025
86.27272,95.80165
106.93113,78.524345
99.10104,76.68464
80.279465,93.81457
78.98512,92.16939
101.335785,92.0187
104.43653,67.95689
79.433426,103.79998
106.395096,90.68298
85.138336,91.87991
117.42243,109.133514
95.848915,99.45968
91.23997,79.230286
87.28285,101.14989
113.993004,122.28299
95.51481,100.390015
119.669754,82.479355
80.662834,86.72479
125.13777,110.45887
102.43053,89.94604
114.13797,80.56699
115.0817,111.310486
101.18432,98.82526
102.97061,106.55812
89.16309,125.298584
100.59397,87.293976
94.48172,107.34544
123.177444,131.099
122.30893,101.35652
101.168335,118.182045
96.32526,96.786766
121.59204,117.367065
118.55132,116.9283
124.57362,94.44064
117.278,102.79465
108.91358,103.35471
118.94725,112.5774
98.895905,136.78526
140.3967,111.597694
116.38501,119.469315
116.07397,148.12062
136.5305,128.2421
102.470825,132.32643
128.16096,115.523926
121.29794,119.70294
108.78223,115.65928
120.81021,150.28282
138.09155,121.84173
116.23651,137.89252
144.15413,132.10814
131.70471,116.10025
125.90442,120.89253
157.95291,157.73134
137.86145,143.48735
122.41761,131.09857
125.53241,126.853836
132.73288,138.91644
149.31387,141.41046
158.56403,138.7327
148.09007,167.98773
166.94048,140.0688
136.2324,146.81787
131.55283,168.41876
129.4086,137.19412
172.80887,155.99924
170.61395,161.97511
155.40813,167.24321
158.25543,135.83109
134.39214,146.39618
165.03673,157.02809
137.46468,176.3644
153.35443,137.7864
165.12035,151.87286
162.43475,136.97607
142.92612,173.48312
160.76117,172.01053
138.82417,167.574
174.02219,175.11078
158.31528,145.63678
167.66977,153.16016
179.48595,164.97903
152.88138,163.85283
188.03958,169.3937
177.08374,163.73883
157.65273,173.55736
171.15982,193.4986
183.76573,156.55128
150.78271,152.08414
155.49916,194.32886
150.11948,177.58821
172.32884,165.34943
195.64386,184.3549
151.33652,152.15216
193.59021,177.92363
153.93042,195.00719
183.78203,175.59229
192.21603,191.62656
169.60529,190.57964
173.97093,181.50076
201.27182,162.8225
189.06372,194.97136
170.30466,164.46225
191.41917,172.47025
165.95505,182.10507
165.5785,186.14409
209.75537,210.86113
173.88751,186.63585
214.75401,178.90852
210.9141,210.70383
209.56987,195.50299
203.70206,179.09256
202.94046,184.30246
216.2028,187.35489
209.89749,208.72731
194.17615,208.34485
188.7151,221.41652
198.08632,214.95685
181.45801,218.73285
188.52608,224.46259
224.83319,220.2619
195.48038,191.94016
193.4372,202.85559
199.07054,192.80191
228.77136,195.80759
204.31451,204.68088
197.51776,188.74692
219.01407,188.03674
193.01103,224.38663
213.12146,208.09827
194.35205,229.80891
203.80786,221.03568
237.32782,192.70988
198.73485,204.85744
234.06252,193.78633
226.1979,223.63724
210.3584,221.87653
242.43248,199.6244
205.86873,224.66357
243.43498,234.85658
213.43224,209.81003
230.01955,220.95415
238.15393,238.01909
214.0113,242.28589
251.77817,242.50473
221.38779,227.4997
223.37654,242.29688
232.45044,228.3675
210.80762,247.30145
218.13696,242.03943
217.52132,208.51672
234.90381,256.44174
256.77496,255.17407
249.14868,255.14778
241.31023,220.81798
255.81241,254.30048
258.02826,262.7138
223.3148,230.14401
225.4204,238.29492
241.92546,259.98486
225.29512,235.72227
241.78813,221.0008
257.78247,235.06354
265.86682,246.76106
261.3934,260.25577
258.75735,259.50122
273.36255,252.40443
266.9746,236.74782
256.58044,250.91315
274.57678,231.95747
251.88826,237.11403
278.22443,275.77234
239.13051,250.9905
239.2777,239.41672
256.11404,238.90448
256.0228,279.76758
268.99847,245.22177
277.36633,272.89398
248.7475,270.23096
285.23505,258.05316
271.40567,268.12405
261.8093,280.6631
263.84012,263.63095
261.73694,283.87006
274.10385,266.20477
250.55557,273.46005
248.58795,250.31447
277.18677,294.17172
294.66736,251.77197
262.79828,292.1574
278.42413,271.4578
249.68369,259.6529
277.9378,280.37466
296.66293,298.84027
295.17044,274.59738
255.538,276.12372
289.04913,256.73474
272.9847,284.12036
282.57214,258.83908
272.38477,274.1813
295.6245,299.07507
303.89893,272.29776
297.42303,280.82916
284.5994,310.75168
262.7681,290.20935
297.77948,281.3916
277.28485,313.93515
279.65555,308.72827
291.97418,297.5805
312.10352,286.3592
276.58688,312.77924
274.64038,274.6811
309.04944,284.37125
314.09113,275.2609
272.41983,298.16788
280.838,312.83826
290.7855,286.16647
294.8567,285.53705
279.14822,294.6229
293.2,323.3083
314.42096,325.06552
322.61078,292.40228
308.95087,305.4963
306.65732,285.19748
289.84015,325.09253
332.92123,327.02002
294.49417,306.968
310.58685,327.97623
300.6686,333.62134
301.41357,299.78958
334.97266,304.9941
310.90817,300.0886
300.44434,311.3132
316.37158,293.18173
329.0642,327.5805
302.63263,295.3335
300.71643,305.69025
309.80347,328.97565
319.111,304.63168
317.28598,335.34268
313.82956,335.88507
303.49246,305.16052
345.62668,312.14203
309.03845,342.14215
325.96475,313.4873
335.15323,347.33997
344.44986,350.30368
351.29684,338.27277
319.66766,349.30206
320.85834,315.08032
308.83145,329.33743
321.3974,324.62378
315.55356,341.35004
331.9335,359.09756
349.82642,350.88617
326.01758,330.4205
334.33344,321.35663
326.93777,360.26892
356.4667,332.9527
361.50293,359.05255
328.70804,367.3242
357.95108,333.4202
338.5312,361.98477
367.66858,321.71323
356.27716,367.89694
332.8151,350.95224
329.55893,356.17807
354.378,357.7696
327.70667,358.53543
345.8471,327.8202
340.28787,330.89178
346.96594,343.18365
337.8998,359.78442
361.871,376.77472
350.4886,350.42188
355.10474,374.30536
378.25198,338.67422
360.36774,343.72842
371.36597,338.85876
346.46887,373.05237
368.6799,379.38992
379.13705,339.49213
368.23993,382.4315
377.2625,366.25443
374.471,377.139
364.51096,369.9207
373.72543,392.63705
362.16055,364.4343
388.04663,350.61166
394.91074,385.8822
379.64465,385.32898
372.43274,377.78918
390.35168,399.96503
351.98785,361.52835
383.57892,372.846
391.68585,362.2715
388.3065,390.4543
378.01102,386.11203
369.66434,377.651
396.61563,386.94257
394.45346,365.89517
362.5385,374.02338
388.1775,396.7007
409.55743,369.9817
406.8214,392.0214
381.03748,408.37292
372.63528,406.62213
370.09915,375.17578
380.44278,403.74695
383.1442,407.26593
389.33063,368.11908
371.46268,401.64722
412.68475,396.33887
400.25845,408.28317
416.50702,377.62964
385.16403,375.7415
404.628,389.69397
402.19327,398.68762
407.0731,394.3274
406.24136,417.87698
378.27472,415.25082
392.68594,421.4729
388.70166,416.07037
397.73288,386.98868
410.96454,414.19818
391.41577,422.76834
426.18024,423.9743
389.7724,399.5704
432.9032,411.01724
407.87354,417.6691
389.80432,436.84668
422.06522,408.28296
395.95718,436.53412
434.59015,437.63785
420.7586,435.48218
442.81412,420.1868
442.28217,431.6338
424.13916,427.09274
402.0532,432.6722
413.48346,422.25516
413.03735,439.3646
442.89627,439.3602
443.373,415.6298
418.254,433.6394
415.14307,418.10034
424.50943,425.02756
406.80972,453.96298
426.20035,440.88712
407.17578,414.55243
410.44864,427.62354
428.87442,412.99185
433.21835,446.39444
422.5426,440.70093
442.06375,458.919
434.61014,415.77475
438.46582,449.3447
434.41614,441.05344
439.9877,442.20816
460.42194,457.4143
450.26053,443.43604
438.21182,428.3488
443.01712,438.95453
431.1599,428.8792
467.27228,445.1875
430.14526,441.25702
448.59738,434.4398
468.055,425.8012
444.1212,464.54962
434.10898,462.2852
463.24902,456.3947
434.9433,435.89444
468.04263,443.05417
471.13174,469.77057
470.37527,474.28796
478.57892,446.81293
481.13934,468.95563
452.41586,469.84628
454.9403,482.42786
466.19058,485.08032
452.3533,468.98337
469.00076,450.90182
484.00214,440.6881
473.57034,460.6207
483.04453,471.09512
461.10974,456.13077
462.38498,488.63278
492.92624,478.69785
464.54272,487.1901
457.20267,452.5609
486.80914,451.68628
492.42615,465.17307
471.89102,452.55182
493.82913,451.30502
461.35815,500.43582
481.03174,486.17374
495.7484,500.3396
487.66858,482.24768
482.1406,468.20508
505.8199,488.2058
485.5105,467.45566
480.00558,476.16498
493.96725,479.566
485.90594,487.04324
493.99237,477.36026
491.32813,504.85812
464.32648,498.5522
478.05167,507.57495
486.7526,470.1731
488.19196,515.105
496.35712,480.69144
505.62106,509.7002
484.95956,515.0174
517.97815,476.83862
484.74728,495.40836
511.34302,478.16812
518.424,479.52094
499.2263,513.7471
490.1301,492.4698
500.5287,481.77853
513.08484,490.74835
500.12857,519.12244
493.3767,481.33368
486.7419,484.61313
517.4249,506.79718
495.89948,500.3354
488.18805,501.33328
528.85297,531.1409
512.56964,511.81143
487.60727,496.16302
509.69788,531.2197
490.73816,537.0979
510.1902,501.03552
523.11395,497.2902
528.45807,537.4312
514.4033,540.59454
501.87036,531.8036
504.18887,523.83624
514.0243,540.55304
543.60504,521.5774
517.2045,497.12808
514.138,504.3771
500.41077,518.37714
511.93823,512.3591
539.66187,545.7156
533.1875,518.97406
536.17084,527.1045
513.19904,534.4937
513.4935,511.2242
528.96533,553.0747
516.482,535.96893
516.199,516.0596
555.07,517.17456
556.9458,545.692
540.3972,511.57043
523.6385,526.9134
547.99713,516.5875
535.9816,543.46954
535.4839,530.7887
541.51404,561.0131
523.771,518.22925
563.0081,554.65533
557.2107,554.3038
551.2508,566.45593
531.8037,543.5495
542.03705,540.6295
559.0145,544.38763
532.24817,555.08026
542.28235,530.8722
546.9934,553.55786
537.77185,552.11365
536.29736,565.9003
574.19763,567.71295
546.35864,569.8408
546.9152,544.35876
568.11957,535.40063
568.7517,575.82495
564.45685,571.7452
537.4225,546.18243
569.7474,577.4494
563.3565,537.3894
579.6537,558.4882
541.98334,569.6941
561.8354,561.23596
568.9066,579.5327
581.4013,557.15
574.59467,555.019
563.03033,586.6284
578.1421,554.89984
579.0745,572.9748
552.77203,570.41437
560.7907,564.80457
580.3191,581.06177
560.62024,593.2271
576.21783,554.7054
600.0201,590.4831
561.67566,577.01697
573.42865,575.8901
581.3345,602.8673
581.25134,570.32666
591.78467,578.7709
591.73987,559.2238
602.9228,591.39136
582.992,576.5735
607.5459,606.2443
567.5262,605.7519
572.8238,579.09576
579.5931,595.9747
590.5383,614.99097
567.9157,601.7847
580.07855,614.1713
609.29156,583.8878
582.405,586.30585
585.5032,580.32605
619.00995,581.98834
590.5014,580.6595
606.99567,597.2982
618.672,621.15125
589.33655,583.2882
625.57947,587.7166
582.12317,605.7741
594.544,623.48413
608.23486,610.5022
580.2334,593.7213
591.0153,593.14606
610.68066,619.8745
594.0736,626.89154
616.01794,588.4201
619.7726,589.1978
627.3988,600.571
598.2435,623.42755
589.44745,596.3659
608.5283,637.4282
597.9161,593.1052
604.37146,624.12854
627.412,604.1603
599.2713,637.6837
636.26013,641.76074
634.09467,606.9064
615.182,599.0162
630.2678,644.53516
617.76874,623.97595
638.0424,614.77576
642.9285,605.60443
622.25916,640.9076
647.60443,630.9212
632.01074,610.1243
650.94403,612.3337
633.8361,627.691
651.17676,632.24805
649.8035,635.2226
657.6093,622.6789
613.6749,636.9097
656.85736,613.8309
622.99884,654.45416
643.2441,633.5057
646.4059,637.1124
628.7801,639.21063
653.2139,624.0808
622.37305,646.48444
647.25665,626.7212
644.37366,622.4566
659.1933,651.3655
627.48914,668.1243
622.42786,660.136
649.1334,657.1049
637.58984,664.7354
655.9498,665.273
658.9969,667.02386
650.0444,637.4422
667.8363,666.7755
635.7015,674.81714
674.46094,669.0545
636.0831,667.2292
640.0891,658.3607
646.6196,636.6991
665.8708,640.31274
677.9445,646.1454
683.68774,656.88684
644.17413,660.58905
653.9145,677.5094
641.8514,652.5592
646.1117,643.77625
659.5832,668.92694
646.52246,684.5201
688.93225,687.8902
668.9678,663.6106
646.8256,662.9054
686.0502,674.3325
670.41754,659.0954
648.4879,663.3505
656.3044,659.7626
692.508,684.26764
690.9621,699.386
693.2478,655.0138
680.47156,660.22644
675.09,668.51025
685.0331,683.6831
660.16785,684.1992
693.9714,676.9147
667.2499,664.44
667.636,658.82336
663.79,678.97626
670.6517,677.7048
707.4171,686.6383
711.88043,662.401
663.9049,678.04535
681.9109,670.2454
704.64996,667.30865
713.7643,675.51874
699.0228,701.6063
701.3849,698.1768
695.51807,713.31396
685.5644,680.56335
715.4143,716.47626
687.765,702.69006
701.605,696.4119
703.96436,690.28937
710.92334,684.1318
694.7605,692.59534
692.31805,696.5047
701.3773,699.5983
707.34485,713.31464
684.33514,719.13367
712.5301,717.6397
715.26263,699.4646
710.3301,690.3615
687.78876,702.2086
731.1475,721.3577
725.434,717.5221
698.0305,725.0427
699.2852,713.6903
727.4058,717.1719
694.44745,715.37445
730.0973,737.418
707.246,732.2682
714.7582,723.0695
697.6963,733.47516
696.171,704.6879
730.12286,728.69226
698.7085,731.0618
708.41034,729.52277
731.2837,712.46045
706.5485,743.1018
706.62415,726.85095
724.1306,723.5074
738.1309,717.72925
747.26447,705.0979
714.71045,707.01654